dt,open,high,low,close,volume
2023-07-24 00:00:00+09:00,33450.0,33450.0,32700.0,33050.0,382330.0
2023-07-25 00:00:00+09:00,33050.0,33750.0,32800.0,33450.0,317594.0
2023-07-26 00:00:00+09:00,33300.0,33550.0,32150.0,32750.0,603298.0
2023-07-27 00:00:00+09:00,33050.0,34500.0,32800.0,34450.0,605276.0
2023-07-28 00:00:00+09:00,35150.0,37700.0,34600.0,37700.0,2896634.0
2023-07-31 00:00:00+09:00,38050.0,38350.0,37000.0,37750.0,702682.0
2023-08-01 00:00:00+09:00,37400.0,37650.0,36000.0,36450.0,797958.0
2023-08-02 00:00:00+09:00,35800.0,36200.0,34800.0,35200.0,565244.0
2023-08-03 00:00:00+09:00,35000.0,35300.0,34000.0,35200.0,493675.0
2023-08-04 00:00:00+09:00,34850.0,35650.0,34500.0,35350.0,386744.0
2023-08-07 00:00:00+09:00,35000.0,35550.0,34100.0,34550.0,311101.0
2023-08-08 00:00:00+09:00,34900.0,35150.0,33600.0,33950.0,245673.0
2023-08-09 00:00:00+09:00,33900.0,34650.0,33200.0,34350.0,235717.0
2023-08-10 00:00:00+09:00,32550.0,32600.0,30400.0,30650.0,1225910.0
2023-08-11 00:00:00+09:00,30700.0,30850.0,30350.0,30800.0,303130.0
2023-08-14 00:00:00+09:00,30800.0,31350.0,30450.0,31150.0,373041.0
2023-08-16 00:00:00+09:00,31300.0,31700.0,30900.0,31700.0,366473.0
2023-08-17 00:00:00+09:00,31400.0,32000.0,31350.0,31500.0,354420.0
2023-08-18 00:00:00+09:00,31250.0,32550.0,30850.0,31950.0,348191.0
2023-08-21 00:00:00+09:00,32400.0,32450.0,31250.0,31700.0,208957.0
2023-08-22 00:00:00+09:00,32000.0,32300.0,30700.0,31100.0,246252.0
2023-08-23 00:00:00+09:00,30800.0,31500.0,30650.0,30900.0,160685.0
2023-08-24 00:00:00+09:00,31450.0,31950.0,31000.0,31500.0,222211.0
2023-08-25 00:00:00+09:00,30800.0,30800.0,30200.0,30800.0,240758.0
2023-08-28 00:00:00+09:00,30950.0,30950.0,30100.0,30200.0,242243.0
2023-08-29 00:00:00+09:00,30250.0,30700.0,30150.0,30350.0,223303.0
2023-08-30 00:00:00+09:00,30800.0,31100.0,30500.0,30750.0,178388.0
2023-08-31 00:00:00+09:00,30650.0,31050.0,30500.0,30850.0,175735.0
2023-09-01 00:00:00+09:00,30750.0,32200.0,30650.0,32200.0,407355.0
2023-09-04 00:00:00+09:00,32450.0,32600.0,31750.0,32450.0,234182.0
2023-09-05 00:00:00+09:00,32300.0,32600.0,31700.0,32000.0,186597.0
2023-09-06 00:00:00+09:00,31800.0,32450.0,31600.0,32000.0,139532.0
2023-09-07 00:00:00+09:00,31700.0,32400.0,31550.0,32150.0,185732.0
2023-09-08 00:00:00+09:00,32350.0,32650.0,31550.0,32500.0,236703.0
2023-09-11 00:00:00+09:00,32500.0,32750.0,31850.0,32500.0,244614.0
2023-09-12 00:00:00+09:00,32550.0,32550.0,31900.0,32100.0,193388.0
2023-09-13 00:00:00+09:00,32200.0,32900.0,31550.0,31900.0,321290.0
2023-09-14 00:00:00+09:00,32200.0,34200.0,32200.0,34200.0,845896.0
2023-09-15 00:00:00+09:00,34200.0,34650.0,33550.0,34600.0,289803.0
2023-09-18 00:00:00+09:00,33550.0,34350.0,33550.0,34250.0,240140.0
2023-09-19 00:00:00+09:00,34450.0,34800.0,33350.0,33550.0,227749.0
2023-09-20 00:00:00+09:00,33550.0,33850.0,33000.0,33250.0,140888.0
2023-09-21 00:00:00+09:00,32650.0,33250.0,32400.0,32700.0,142069.0
2023-09-22 00:00:00+09:00,32200.0,33650.0,32000.0,33500.0,187763.0
2023-09-25 00:00:00+09:00,33500.0,33500.0,32750.0,33000.0,111579.0
2023-09-26 00:00:00+09:00,33300.0,33500.0,32050.0,32400.0,135861.0
2023-09-27 00:00:00+09:00,32200.0,32750.0,30750.0,32000.0,242820.0
2023-10-04 00:00:00+09:00,31350.0,32250.0,31000.0,32200.0,231435.0
2023-10-05 00:00:00+09:00,33000.0,33850.0,32300.0,32950.0,243221.0
2023-10-06 00:00:00+09:00,33250.0,33550.0,32700.0,32900.0,105730.0
2023-10-10 00:00:00+09:00,33200.0,33950.0,32700.0,32800.0,217821.0
2023-10-11 00:00:00+09:00,33550.0,34000.0,33150.0,33350.0,172955.0
2023-10-12 00:00:00+09:00,33650.0,33800.0,32150.0,33300.0,255894.0
2023-10-13 00:00:00+09:00,33000.0,33850.0,32950.0,33300.0,282005.0
2023-10-16 00:00:00+09:00,33000.0,33100.0,31400.0,32150.0,261921.0
2023-10-17 00:00:00+09:00,32200.0,33550.0,31850.0,33550.0,194639.0
2023-10-18 00:00:00+09:00,33050.0,33250.0,32400.0,33050.0,173230.0
2023-10-19 00:00:00+09:00,32150.0,32650.0,31650.0,31750.0,169621.0
2023-10-20 00:00:00+09:00,31250.0,32850.0,31100.0,32100.0,234851.0
2023-10-23 00:00:00+09:00,32000.0,32300.0,31350.0,31900.0,168062.0
2023-10-24 00:00:00+09:00,32200.0,33150.0,31400.0,33150.0,204782.0
2023-10-25 00:00:00+09:00,33150.0,33500.0,32700.0,33250.0,139676.0
2023-10-26 00:00:00+09:00,32400.0,32650.0,31900.0,32150.0,188518.0
2023-10-27 00:00:00+09:00,33000.0,33000.0,31350.0,31750.0,180819.0
2023-10-30 00:00:00+09:00,31850.0,32150.0,31100.0,31250.0,141838.0
2023-10-31 00:00:00+09:00,31350.0,31450.0,30000.0,30000.0,225322.0
2023-11-01 00:00:00+09:00,30200.0,30950.0,30100.0,30350.0,117959.0
2023-11-02 00:00:00+09:00,31450.0,34550.0,31450.0,33850.0,765756.0
2023-11-03 00:00:00+09:00,33850.0,34300.0,33350.0,34200.0,241641.0
2023-11-06 00:00:00+09:00,35000.0,35200.0,33750.0,35200.0,442157.0
2023-11-07 00:00:00+09:00,35300.0,36100.0,34850.0,35350.0,460534.0
2023-11-08 00:00:00+09:00,35800.0,36100.0,34200.0,34850.0,251216.0
2023-11-09 00:00:00+09:00,34600.0,35700.0,34450.0,35250.0,229914.0
2023-11-10 00:00:00+09:00,34650.0,36550.0,34500.0,35650.0,229292.0
2023-11-13 00:00:00+09:00,36500.0,36800.0,35650.0,35950.0,370163.0
2023-11-14 00:00:00+09:00,36150.0,36150.0,35000.0,35600.0,140926.0
2023-11-15 00:00:00+09:00,36300.0,36350.0,35350.0,35500.0,276829.0
2023-11-16 00:00:00+09:00,35500.0,35900.0,34600.0,34900.0,287807.0
2023-11-17 00:00:00+09:00,34900.0,35550.0,34600.0,35500.0,194918.0
2023-11-20 00:00:00+09:00,35500.0,35500.0,34400.0,34750.0,194897.0
2023-11-21 00:00:00+09:00,35000.0,35400.0,34750.0,35000.0,164793.0
2023-11-22 00:00:00+09:00,34400.0,35150.0,34350.0,34850.0,111893.0
2023-11-23 00:00:00+09:00,35150.0,35250.0,34500.0,34850.0,145298.0
2023-11-24 00:00:00+09:00,34800.0,35100.0,34650.0,34950.0,55792.0
2023-11-27 00:00:00+09:00,34700.0,35400.0,34600.0,34700.0,134727.0
2023-11-28 00:00:00+09:00,35000.0,35350.0,34100.0,34200.0,205267.0
2023-11-29 00:00:00+09:00,34250.0,34600.0,34050.0,34200.0,115633.0
2023-11-30 00:00:00+09:00,34250.0,34500.0,33650.0,34000.0,186573.0
2023-12-01 00:00:00+09:00,33500.0,33600.0,33000.0,33300.0,967997.0
2023-12-04 00:00:00+09:00,33750.0,33850.0,33100.0,33250.0,155792.0
2023-12-05 00:00:00+09:00,32800.0,33100.0,31950.0,32300.0,223464.0
2023-12-06 00:00:00+09:00,32350.0,32550.0,31900.0,32500.0,137024.0
2023-12-07 00:00:00+09:00,32500.0,32500.0,31850.0,32250.0,119883.0
2023-12-08 00:00:00+09:00,32600.0,32900.0,32300.0,32450.0,133827.0
2023-12-11 00:00:00+09:00,32550.0,32650.0,32150.0,32600.0,91808.0
2023-12-12 00:00:00+09:00,33000.0,33250.0,32650.0,33050.0,135917.0
2023-12-13 00:00:00+09:00,33050.0,33850.0,32750.0,33450.0,253972.0
2023-12-14 00:00:00+09:00,34000.0,34100.0,33050.0,33850.0,241477.0
2023-12-15 00:00:00+09:00,34050.0,34050.0,33200.0,33200.0,131325.0
2023-12-18 00:00:00+09:00,33550.0,34200.0,33450.0,33950.0,157370.0
2023-12-19 00:00:00+09:00,33850.0,34150.0,33800.0,34050.0,101442.0
2023-12-20 00:00:00+09:00,34200.0,34700.0,33650.0,34000.0,138505.0
2023-12-21 00:00:00+09:00,33550.0,33850.0,33150.0,33500.0,128687.0
2023-12-22 00:00:00+09:00,33900.0,34300.0,33600.0,33950.0,144691.0
2023-12-26 00:00:00+09:00,33900.0,34150.0,33550.0,34050.0,128015.0
2023-12-27 00:00:00+09:00,33950.0,34400.0,33550.0,34050.0,187585.0
2023-12-28 00:00:00+09:00,34050.0,34150.0,33550.0,33950.0,209180.0
2024-01-02 00:00:00+09:00,33650.0,34900.0,33650.0,34850.0,330531.0
2024-01-03 00:00:00+09:00,34350.0,34400.0,33250.0,33900.0,325728.0
2024-01-04 00:00:00+09:00,33650.0,34150.0,33350.0,33900.0,169918.0
2024-01-05 00:00:00+09:00,33900.0,34100.0,33250.0,33350.0,193165.0
2024-01-08 00:00:00+09:00,33250.0,33400.0,33050.0,33150.0,116465.0
2024-01-09 00:00:00+09:00,33550.0,33750.0,32850.0,33150.0,191277.0
2024-01-10 00:00:00+09:00,33350.0,33350.0,32200.0,32900.0,215389.0
2024-01-11 00:00:00+09:00,32850.0,33100.0,32500.0,33100.0,194068.0
2024-01-12 00:00:00+09:00,33100.0,33200.0,32250.0,32500.0,135981.0
2024-01-15 00:00:00+09:00,32550.0,32750.0,32050.0,32400.0,103242.0
2024-01-16 00:00:00+09:00,31850.0,32600.0,31850.0,32400.0,111677.0
2024-01-17 00:00:00+09:00,32650.0,32650.0,31800.0,31800.0,112917.0
2024-01-18 00:00:00+09:00,32100.0,32450.0,31750.0,32350.0,78521.0
2024-01-19 00:00:00+09:00,32750.0,34300.0,32500.0,33950.0,441514.0
2024-01-22 00:00:00+09:00,34700.0,34900.0,33600.0,33750.0,382232.0
2024-01-23 00:00:00+09:00,34050.0,34050.0,32650.0,32800.0,222219.0
2024-01-24 00:00:00+09:00,32800.0,32800.0,32200.0,32800.0,119858.0
2024-01-25 00:00:00+09:00,32750.0,33150.0,32150.0,32350.0,200247.0
2024-01-26 00:00:00+09:00,31950.0,32100.0,31500.0,31700.0,254411.0
2024-01-29 00:00:00+09:00,31600.0,31850.0,30850.0,30900.0,206469.0
2024-01-30 00:00:00+09:00,31150.0,31200.0,30150.0,30700.0,234315.0
2024-01-31 00:00:00+09:00,30400.0,30500.0,30050.0,30350.0,171432.0
2024-02-01 00:00:00+09:00,30300.0,30800.0,30150.0,30700.0,199579.0
2024-02-02 00:00:00+09:00,30950.0,31400.0,30750.0,31000.0,170438.0
2024-02-05 00:00:00+09:00,30950.0,31400.0,30500.0,31350.0,141480.0
2024-02-06 00:00:00+09:00,31350.0,31450.0,30750.0,31000.0,103130.0
2024-02-07 00:00:00+09:00,31150.0,31150.0,30200.0,30200.0,176341.0
2024-02-08 00:00:00+09:00,30350.0,30600.0,30100.0,30500.0,245047.0
2024-02-13 00:00:00+09:00,30500.0,30650.0,29650.0,29650.0,588557.0
2024-02-14 00:00:00+09:00,29500.0,29700.0,28900.0,29650.0,260461.0
2024-02-15 00:00:00+09:00,29800.0,30100.0,29600.0,29850.0,214184.0
2024-02-16 00:00:00+09:00,30000.0,30500.0,29750.0,30500.0,254114.0
2024-02-19 00:00:00+09:00,30700.0,30700.0,30100.0,30450.0,127479.0
2024-02-20 00:00:00+09:00,30250.0,30350.0,29900.0,30200.0,146017.0
2024-02-21 00:00:00+09:00,29900.0,30550.0,29850.0,30250.0,157660.0
2024-02-22 00:00:00+09:00,30300.0,30450.0,29800.0,29900.0,197475.0
2024-02-23 00:00:00+09:00,30150.0,30350.0,29600.0,29800.0,225180.0
2024-02-26 00:00:00+09:00,29250.0,29650.0,29000.0,29100.0,170794.0
2024-02-27 00:00:00+09:00,28950.0,29100.0,28500.0,28500.0,140129.0
2024-02-28 00:00:00+09:00,28250.0,29100.0,28200.0,28900.0,185062.0
2024-02-29 00:00:00+09:00,28700.0,33250.0,28600.0,32800.0,2311257.0
2024-03-04 00:00:00+09:00,33500.0,33950.0,32050.0,33200.0,1103392.0
2024-03-05 00:00:00+09:00,32800.0,33700.0,32100.0,33700.0,500942.0
2024-03-06 00:00:00+09:00,33050.0,35350.0,32800.0,35100.0,959378.0
2024-03-07 00:00:00+09:00,35500.0,35650.0,34550.0,35100.0,463325.0
2024-03-08 00:00:00+09:00,35300.0,35300.0,33850.0,34100.0,459416.0
2024-03-11 00:00:00+09:00,33250.0,33950.0,33050.0,33800.0,272660.0
2024-03-12 00:00:00+09:00,33650.0,34400.0,33450.0,34400.0,266857.0
2024-03-13 00:00:00+09:00,34450.0,34700.0,33800.0,34700.0,296062.0
2024-03-14 00:00:00+09:00,34200.0,34600.0,33700.0,34000.0,247903.0
2024-03-15 00:00:00+09:00,33050.0,34200.0,33000.0,34100.0,197067.0
2024-03-18 00:00:00+09:00,34300.0,34300.0,33600.0,34000.0,228457.0
2024-03-19 00:00:00+09:00,33700.0,34550.0,33500.0,34350.0,222678.0
2024-03-20 00:00:00+09:00,34450.0,37950.0,33900.0,37400.0,2001749.0
2024-03-21 00:00:00+09:00,37550.0,37800.0,36850.0,37600.0,918501.0
2024-03-22 00:00:00+09:00,38000.0,38000.0,35700.0,35750.0,832413.0
2024-03-25 00:00:00+09:00,36300.0,37450.0,36100.0,36600.0,518886.0
2024-03-26 00:00:00+09:00,36550.0,37250.0,36000.0,36150.0,489615.0
2024-03-27 00:00:00+09:00,36200.0,36900.0,35700.0,36650.0,292208.0
2024-03-28 00:00:00+09:00,37100.0,37300.0,36350.0,36500.0,461821.0
2024-03-29 00:00:00+09:00,36750.0,43400.0,36750.0,41500.0,8809647.0
2024-04-01 00:00:00+09:00,41650.0,42500.0,41000.0,42000.0,1431282.0
2024-04-02 00:00:00+09:00,42500.0,42550.0,40800.0,41950.0,974280.0
2024-04-03 00:00:00+09:00,40700.0,42500.0,39900.0,42000.0,957042.0
2024-04-04 00:00:00+09:00,42400.0,42450.0,40400.0,41150.0,780135.0
2024-04-05 00:00:00+09:00,40200.0,42250.0,40050.0,42100.0,827437.0
2024-04-08 00:00:00+09:00,42950.0,44850.0,41400.0,41650.0,1845618.0
2024-04-09 00:00:00+09:00,41500.0,41900.0,39300.0,39450.0,836939.0
2024-04-11 00:00:00+09:00,38700.0,40550.0,38500.0,39800.0,576917.0
2024-04-12 00:00:00+09:00,40650.0,41000.0,38500.0,38950.0,1060727.0
2024-04-15 00:00:00+09:00,38300.0,38900.0,37050.0,38900.0,659425.0
2024-04-16 00:00:00+09:00,38250.0,38650.0,37100.0,37350.0,465249.0
2024-04-17 00:00:00+09:00,37850.0,38300.0,36900.0,37050.0,436070.0
2024-04-18 00:00:00+09:00,36500.0,37750.0,36500.0,37300.0,442502.0
2024-04-19 00:00:00+09:00,36900.0,37350.0,35500.0,37100.0,544079.0
2024-04-22 00:00:00+09:00,36450.0,37400.0,36350.0,36600.0,336025.0
2024-04-23 00:00:00+09:00,37150.0,37250.0,35300.0,35500.0,417322.0
2024-04-24 00:00:00+09:00,36400.0,37100.0,35800.0,36100.0,374761.0
2024-04-25 00:00:00+09:00,35550.0,38650.0,35150.0,36950.0,592357.0
2024-04-26 00:00:00+09:00,37450.0,38150.0,36750.0,37050.0,331832.0
2024-04-29 00:00:00+09:00,37600.0,37750.0,36500.0,37500.0,288647.0
2024-04-30 00:00:00+09:00,37150.0,38100.0,36800.0,37450.0,198258.0
2024-05-02 00:00:00+09:00,36950.0,37050.0,36150.0,36750.0,299679.0
2024-05-03 00:00:00+09:00,37150.0,37450.0,36450.0,36700.0,193742.0
2024-05-07 00:00:00+09:00,37200.0,38800.0,37200.0,38200.0,473569.0
2024-05-08 00:00:00+09:00,37900.0,38400.0,37350.0,38250.0,255647.0
2024-05-09 00:00:00+09:00,38250.0,38750.0,37500.0,37500.0,418829.0
2024-05-10 00:00:00+09:00,35400.0,36700.0,34800.0,35200.0,772054.0
2024-05-13 00:00:00+09:00,35300.0,35350.0,33500.0,33900.0,397395.0
2024-05-14 00:00:00+09:00,33850.0,34150.0,33550.0,33850.0,213922.0
2024-05-16 00:00:00+09:00,34300.0,34900.0,34300.0,34650.0,261875.0
2024-05-17 00:00:00+09:00,34950.0,35100.0,33950.0,33950.0,186690.0
2024-05-20 00:00:00+09:00,34250.0,34350.0,33650.0,34100.0,134362.0
2024-05-21 00:00:00+09:00,34350.0,34850.0,34000.0,34300.0,166599.0
2024-05-22 00:00:00+09:00,34300.0,34800.0,33950.0,34500.0,155964.0
2024-05-23 00:00:00+09:00,34900.0,35850.0,34550.0,35450.0,366908.0
2024-05-24 00:00:00+09:00,34900.0,35150.0,33650.0,33900.0,240853.0
2024-05-27 00:00:00+09:00,34050.0,35650.0,33600.0,35500.0,304695.0
2024-05-28 00:00:00+09:00,35900.0,37500.0,35600.0,36150.0,554988.0
2024-05-29 00:00:00+09:00,36200.0,36500.0,35550.0,35700.0,206363.0
2024-05-30 00:00:00+09:00,35750.0,37200.0,35300.0,36650.0,330908.0
2024-05-31 00:00:00+09:00,36900.0,36900.0,35350.0,35400.0,203409.0
2024-06-03 00:00:00+09:00,35800.0,37300.0,35100.0,36850.0,297512.0
2024-06-04 00:00:00+09:00,36850.0,37200.0,35900.0,36100.0,178392.0
2024-06-05 00:00:00+09:00,37800.0,38200.0,36000.0,36700.0,403342.0
2024-06-07 00:00:00+09:00,37100.0,37650.0,36550.0,36850.0,274301.0
2024-06-10 00:00:00+09:00,36500.0,36950.0,36200.0,36800.0,153963.0
2024-06-11 00:00:00+09:00,36950.0,37100.0,35000.0,35100.0,356805.0
2024-06-12 00:00:00+09:00,35250.0,35500.0,34650.0,35150.0,240345.0
2024-06-13 00:00:00+09:00,35750.0,37500.0,35500.0,35850.0,585685.0
2024-06-14 00:00:00+09:00,36150.0,36650.0,35150.0,35300.0,278009.0
2024-06-17 00:00:00+09:00,35150.0,35300.0,34700.0,34950.0,137720.0
2024-06-18 00:00:00+09:00,35100.0,36950.0,35100.0,36950.0,407521.0
2024-06-19 00:00:00+09:00,37600.0,38900.0,36200.0,36500.0,748270.0
2024-06-20 00:00:00+09:00,36550.0,36800.0,35250.0,35350.0,270232.0
2024-06-21 00:00:00+09:00,34900.0,34900.0,33900.0,34400.0,397384.0
2024-06-24 00:00:00+09:00,34400.0,34500.0,33650.0,34000.0,174905.0
2024-06-25 00:00:00+09:00,33650.0,34450.0,33450.0,34450.0,168110.0
2024-06-26 00:00:00+09:00,34450.0,36000.0,34000.0,35700.0,354881.0
2024-06-27 00:00:00+09:00,35450.0,35900.0,35100.0,35200.0,126836.0
2024-06-28 00:00:00+09:00,35200.0,35400.0,34150.0,34800.0,154881.0
2024-07-01 00:00:00+09:00,34650.0,35700.0,34600.0,35350.0,191693.0
2024-07-02 00:00:00+09:00,35350.0,36250.0,35000.0,35550.0,227966.0
2024-07-03 00:00:00+09:00,35250.0,35500.0,34500.0,35500.0,181891.0
2024-07-04 00:00:00+09:00,35800.0,40300.0,35750.0,40100.0,2704553.0
2024-07-05 00:00:00+09:00,40250.0,40300.0,38900.0,39550.0,974049.0
2024-07-08 00:00:00+09:00,39150.0,39850.0,38950.0,39600.0,438195.0
2024-07-09 00:00:00+09:00,40150.0,40200.0,39150.0,39550.0,472749.0
2024-07-10 00:00:00+09:00,39200.0,39550.0,37750.0,38250.0,440908.0
2024-07-11 00:00:00+09:00,38500.0,38700.0,37950.0,38150.0,359590.0
2024-07-12 00:00:00+09:00,37250.0,37900.0,35550.0,36100.0,515347.0
2024-07-15 00:00:00+09:00,36100.0,37200.0,35850.0,37200.0,247758.0
2024-07-16 00:00:00+09:00,37000.0,38550.0,36800.0,38150.0,378192.0
2024-07-17 00:00:00+09:00,38950.0,39350.0,36550.0,36600.0,468722.0
2024-07-18 00:00:00+09:00,35500.0,36850.0,35100.0,36650.0,289748.0
2024-07-19 00:00:00+09:00,36800.0,37900.0,36100.0,36750.0,330568.0
2024-07-22 00:00:00+09:00,36650.0,36700.0,33600.0,34150.0,612119.0
2024-07-23 00:00:00+09:00,34950.0,36650.0,34750.0,34750.0,421576.0
2024-07-24 00:00:00+09:00,34600.0,35700.0,34250.0,35050.0,168246.0
2024-07-25 00:00:00+09:00,33850.0,34550.0,32850.0,33200.0,435550.0
2024-07-26 00:00:00+09:00,33250.0,34350.0,33000.0,34200.0,215021.0
2024-07-29 00:00:00+09:00,34600.0,35500.0,34050.0,35000.0,227487.0
2024-07-30 00:00:00+09:00,34800.0,35350.0,34200.0,35200.0,144309.0
2024-07-31 00:00:00+09:00,35150.0,38200.0,35000.0,37850.0,715298.0
2024-08-01 00:00:00+09:00,38200.0,38300.0,37000.0,37300.0,313162.0
2024-08-02 00:00:00+09:00,35500.0,35850.0,33500.0,33850.0,565807.0
2024-08-05 00:00:00+09:00,31700.0,32500.0,29850.0,30600.0,503604.0
2024-08-06 00:00:00+09:00,31100.0,33450.0,31100.0,32300.0,408683.0
2024-08-07 00:00:00+09:00,32100.0,33650.0,31750.0,32300.0,238480.0
2024-08-08 00:00:00+09:00,31550.0,34350.0,31400.0,34350.0,259650.0
2024-08-09 00:00:00+09:00,36250.0,36400.0,34150.0,34600.0,370527.0
2024-08-12 00:00:00+09:00,34450.0,36350.0,34450.0,35950.0,288623.0
2024-08-13 00:00:00+09:00,36500.0,37000.0,35850.0,36750.0,310901.0
2024-08-14 00:00:00+09:00,37550.0,37900.0,36450.0,36950.0,188524.0
2024-08-16 00:00:00+09:00,37800.0,37850.0,37000.0,37350.0,202558.0
2024-08-19 00:00:00+09:00,37000.0,37650.0,36750.0,37150.0,130841.0
2024-08-20 00:00:00+09:00,37550.0,38200.0,37000.0,37250.0,168636.0
2024-08-21 00:00:00+09:00,36850.0,38500.0,36800.0,37500.0,259400.0
2024-08-22 00:00:00+09:00,37700.0,37850.0,35500.0,35800.0,284819.0
2024-08-23 00:00:00+09:00,35350.0,35550.0,33650.0,34450.0,349097.0
2024-08-26 00:00:00+09:00,34500.0,34750.0,32900.0,33250.0,292784.0
2024-08-27 00:00:00+09:00,33000.0,33500.0,32700.0,33350.0,146534.0
2024-08-28 00:00:00+09:00,33500.0,34700.0,33050.0,34700.0,234664.0
2024-08-29 00:00:00+09:00,33150.0,33600.0,32500.0,33350.0,203735.0
2024-08-30 00:00:00+09:00,33750.0,34850.0,33400.0,34150.0,211445.0
2024-09-02 00:00:00+09:00,33950.0,34150.0,33250.0,33300.0,131702.0
2024-09-03 00:00:00+09:00,33300.0,33500.0,32100.0,32400.0,213541.0
2024-09-04 00:00:00+09:00,31150.0,31450.0,30150.0,30500.0,425270.0
2024-09-05 00:00:00+09:00,30800.0,31800.0,30600.0,30700.0,280634.0
2024-09-06 00:00:00+09:00,30650.0,31200.0,30050.0,30900.0,221326.0
2024-09-09 00:00:00+09:00,29700.0,31400.0,29700.0,31400.0,139567.0
2024-09-10 00:00:00+09:00,30850.0,31400.0,29050.0,29400.0,395946.0
2024-09-11 00:00:00+09:00,29500.0,29600.0,27800.0,28000.0,455915.0
2024-09-12 00:00:00+09:00,28750.0,30450.0,28750.0,30200.0,466383.0
2024-09-13 00:00:00+09:00,29850.0,29900.0,28400.0,29050.0,317319.0
2024-09-19 00:00:00+09:00,29000.0,29000.0,27650.0,28450.0,314360.0
2024-09-20 00:00:00+09:00,29050.0,29050.0,28000.0,28900.0,375919.0
2024-09-23 00:00:00+09:00,28900.0,29700.0,28450.0,29300.0,181121.0
2024-09-24 00:00:00+09:00,29500.0,30650.0,29200.0,30650.0,202920.0
2024-09-25 00:00:00+09:00,31050.0,31100.0,30400.0,30400.0,215010.0
2024-09-26 00:00:00+09:00,31350.0,31900.0,30850.0,31550.0,242688.0
2024-09-27 00:00:00+09:00,31400.0,31650.0,30800.0,30800.0,181238.0
2024-09-30 00:00:00+09:00,31100.0,31150.0,30300.0,31050.0,196600.0
2024-10-02 00:00:00+09:00,30650.0,33150.0,30000.0,32450.0,416040.0
2024-10-04 00:00:00+09:00,32450.0,33550.0,32150.0,33450.0,244758.0
2024-10-07 00:00:00+09:00,33150.0,33500.0,32450.0,33050.0,213270.0
2024-10-08 00:00:00+09:00,32600.0,33450.0,32600.0,33150.0,130755.0
2024-10-10 00:00:00+09:00,33050.0,33500.0,32700.0,33050.0,143642.0
2024-10-11 00:00:00+09:00,33400.0,34950.0,33250.0,33250.0,951407.0
2024-10-14 00:00:00+09:00,33200.0,34250.0,32300.0,33050.0,613737.0
2024-10-15 00:00:00+09:00,33500.0,34000.0,31700.0,31750.0,281968.0
2024-10-16 00:00:00+09:00,31000.0,31050.0,29650.0,30000.0,340938.0
2024-10-17 00:00:00+09:00,30350.0,30500.0,29500.0,30500.0,196623.0
2024-10-18 00:00:00+09:00,30500.0,30500.0,29050.0,29300.0,218036.0
2024-10-21 00:00:00+09:00,29450.0,29450.0,28850.0,29150.0,99010.0
2024-10-22 00:00:00+09:00,29000.0,29400.0,28300.0,29400.0,158587.0
2024-10-23 00:00:00+09:00,29400.0,29450.0,28150.0,29150.0,254585.0
2024-10-24 00:00:00+09:00,28650.0,28750.0,28250.0,28750.0,177747.0
2024-10-25 00:00:00+09:00,28850.0,28850.0,26950.0,27200.0,335186.0
2024-10-28 00:00:00+09:00,27200.0,28150.0,27100.0,28050.0,172256.0
2024-10-29 00:00:00+09:00,27800.0,28150.0,26950.0,28150.0,194508.0
2024-10-30 00:00:00+09:00,28050.0,28050.0,27300.0,27500.0,147286.0
2024-10-31 00:00:00+09:00,27050.0,28050.0,26800.0,27850.0,264370.0
2024-11-01 00:00:00+09:00,27350.0,28100.0,27050.0,27250.0,182299.0
2024-11-04 00:00:00+09:00,27400.0,27750.0,27000.0,27600.0,207476.0
2024-11-05 00:00:00+09:00,27350.0,28000.0,27050.0,27850.0,198275.0
2024-11-06 00:00:00+09:00,28000.0,28000.0,27050.0,27600.0,183019.0
2024-11-07 00:00:00+09:00,27350.0,28600.0,26400.0,27550.0,317560.0
2024-11-08 00:00:00+09:00,28100.0,28200.0,25200.0,25200.0,658250.0
2024-11-11 00:00:00+09:00,25250.0,25300.0,23950.0,24200.0,312854.0
2024-11-12 00:00:00+09:00,23750.0,24100.0,23450.0,23950.0,336972.0
2024-11-13 00:00:00+09:00,23550.0,23950.0,22750.0,22800.0,397374.0
2024-11-14 00:00:00+09:00,22800.0,23150.0,22200.0,22650.0,363975.0
2024-11-15 00:00:00+09:00,22200.0,23100.0,22200.0,22800.0,334466.0
2024-11-18 00:00:00+09:00,22800.0,23200.0,22300.0,22700.0,253938.0
2024-11-19 00:00:00+09:00,22800.0,23300.0,22600.0,23250.0,169159.0
2024-11-20 00:00:00+09:00,23150.0,23700.0,23050.0,23050.0,141878.0
2024-11-21 00:00:00+09:00,22900.0,23500.0,22900.0,23200.0,170449.0
2024-11-22 00:00:00+09:00,23250.0,24100.0,23250.0,23450.0,169303.0
2024-11-25 00:00:00+09:00,23650.0,24100.0,23550.0,24100.0,129517.0
2024-11-26 00:00:00+09:00,23900.0,24450.0,23800.0,24250.0,113426.0
2024-11-27 00:00:00+09:00,24100.0,24100.0,23500.0,23700.0,127700.0
2024-11-28 00:00:00+09:00,23400.0,23650.0,23100.0,23300.0,95827.0
2024-11-29 00:00:00+09:00,23100.0,23300.0,22650.0,22850.0,172996.0
2024-12-02 00:00:00+09:00,23050.0,23300.0,22100.0,22350.0,132168.0
2024-12-03 00:00:00+09:00,22350.0,22850.0,22350.0,22550.0,123847.0
2024-12-04 00:00:00+09:00,22100.0,22800.0,21800.0,22150.0,145096.0
2024-12-05 00:00:00+09:00,22000.0,22500.0,21750.0,21800.0,203934.0
2024-12-06 00:00:00+09:00,22000.0,22350.0,21650.0,22300.0,190834.0
2024-12-09 00:00:00+09:00,22100.0,22100.0,21150.0,21300.0,166417.0
2024-12-10 00:00:00+09:00,21550.0,22300.0,21450.0,21800.0,142878.0
2024-12-11 00:00:00+09:00,21550.0,22750.0,21550.0,22450.0,119595.0
2024-12-12 00:00:00+09:00,22750.0,23100.0,21750.0,22700.0,345071.0
2024-12-13 00:00:00+09:00,23050.0,23100.0,22250.0,22400.0,164854.0
2024-12-16 00:00:00+09:00,22400.0,22750.0,22400.0,22500.0,110790.0
2024-12-17 00:00:00+09:00,22550.0,22800.0,22050.0,22400.0,152335.0
2024-12-18 00:00:00+09:00,22400.0,23300.0,22300.0,23200.0,120023.0
2024-12-19 00:00:00+09:00,22600.0,22950.0,22400.0,22450.0,124678.0
2024-12-20 00:00:00+09:00,22350.0,22550.0,22000.0,22250.0,79094.0
2024-12-23 00:00:00+09:00,22300.0,22850.0,22200.0,22600.0,88930.0
2024-12-24 00:00:00+09:00,22850.0,23050.0,22600.0,22950.0,115434.0
2024-12-26 00:00:00+09:00,23100.0,23100.0,21850.0,22250.0,118437.0
2024-12-27 00:00:00+09:00,22000.0,22650.0,21850.0,22150.0,117531.0
2024-12-30 00:00:00+09:00,21850.0,22450.0,21600.0,22350.0,75249.0
2025-01-02 00:00:00+09:00,21900.0,22300.0,21700.0,22100.0,91382.0
2025-01-03 00:00:00+09:00,22000.0,23650.0,22000.0,23200.0,199066.0
2025-01-06 00:00:00+09:00,23150.0,24400.0,23150.0,23950.0,233603.0
2025-01-07 00:00:00+09:00,24200.0,24300.0,23150.0,23200.0,222900.0
2025-01-08 00:00:00+09:00,23000.0,24400.0,22800.0,24300.0,233699.0
2025-01-09 00:00:00+09:00,24100.0,24700.0,23950.0,24200.0,226953.0
2025-01-10 00:00:00+09:00,24200.0,24550.0,23250.0,23250.0,217388.0
2025-01-13 00:00:00+09:00,23050.0,24100.0,22850.0,23400.0,153957.0
2025-01-14 00:00:00+09:00,23350.0,23600.0,22950.0,23000.0,158921.0
2025-01-15 00:00:00+09:00,23200.0,24200.0,23100.0,23600.0,179687.0
2025-01-16 00:00:00+09:00,24150.0,24150.0,23450.0,23450.0,215559.0
2025-01-17 00:00:00+09:00,23300.0,24150.0,23300.0,24000.0,179191.0
2025-01-20 00:00:00+09:00,24250.0,24250.0,23600.0,23950.0,169172.0
2025-01-21 00:00:00+09:00,24100.0,24500.0,23550.0,24250.0,158995.0
2025-01-22 00:00:00+09:00,24600.0,24600.0,23900.0,24400.0,185697.0
2025-01-23 00:00:00+09:00,24300.0,24300.0,23200.0,23300.0,293049.0
2025-01-24 00:00:00+09:00,23400.0,23950.0,23150.0,23500.0,174569.0
2025-01-31 00:00:00+09:00,23000.0,23250.0,22500.0,22550.0,207117.0
2025-02-03 00:00:00+09:00,22000.0,22000.0,20900.0,21100.0,218052.0
2025-02-04 00:00:00+09:00,21350.0,21900.0,21200.0,21200.0,198557.0
2025-02-05 00:00:00+09:00,21500.0,22000.0,21400.0,21600.0,123770.0
2025-02-06 00:00:00+09:00,21850.0,22200.0,21550.0,21800.0,199985.0
2025-02-07 00:00:00+09:00,21750.0,22850.0,21500.0,22700.0,300567.0
2025-02-10 00:00:00+09:00,22300.0,24200.0,22100.0,24000.0,359305.0
2025-02-11 00:00:00+09:00,24050.0,27250.0,23500.0,25950.0,1854019.0
2025-02-12 00:00:00+09:00,26050.0,26400.0,24750.0,25650.0,615040.0
2025-02-13 00:00:00+09:00,25650.0,26400.0,25050.0,25050.0,445029.0
2025-02-14 00:00:00+09:00,25350.0,26500.0,24950.0,26250.0,667264.0
2025-02-17 00:00:00+09:00,26500.0,26700.0,25800.0,25900.0,538614.0
2025-02-18 00:00:00+09:00,26050.0,26300.0,25600.0,26050.0,377874.0
2025-02-19 00:00:00+09:00,26250.0,27500.0,26100.0,26650.0,900737.0
2025-02-20 00:00:00+09:00,26650.0,27400.0,25950.0,26500.0,806476.0
2025-02-21 00:00:00+09:00,26500.0,27850.0,25750.0,26750.0,1049923.0
2025-02-24 00:00:00+09:00,25850.0,27400.0,25800.0,27400.0,500965.0
2025-02-25 00:00:00+09:00,27200.0,28500.0,26700.0,27800.0,633366.0
2025-02-26 00:00:00+09:00,27750.0,27900.0,26300.0,26350.0,490248.0
2025-02-27 00:00:00+09:00,26850.0,27550.0,25950.0,26000.0,652638.0
2025-02-28 00:00:00+09:00,25300.0,26150.0,25250.0,25350.0,321813.0
2025-03-04 00:00:00+09:00,25050.0,25850.0,25000.0,25500.0,209984.0
2025-03-05 00:00:00+09:00,25800.0,26200.0,24700.0,24900.0,299609.0
2025-03-06 00:00:00+09:00,25050.0,25150.0,24300.0,24500.0,214290.0
2025-03-07 00:00:00+09:00,24300.0,24850.0,23950.0,24500.0,167448.0
2025-03-10 00:00:00+09:00,24500.0,25000.0,24350.0,24350.0,162864.0
2025-03-11 00:00:00+09:00,23550.0,25100.0,23500.0,24900.0,241187.0
2025-03-12 00:00:00+09:00,24900.0,26200.0,24850.0,26000.0,301656.0
2025-03-13 00:00:00+09:00,26400.0,26450.0,25300.0,25300.0,325981.0
2025-03-14 00:00:00+09:00,25450.0,26400.0,25200.0,26000.0,259545.0
2025-03-17 00:00:00+09:00,26300.0,26800.0,26050.0,26100.0,253192.0
2025-03-18 00:00:00+09:00,26700.0,26800.0,25250.0,25450.0,305342.0
2025-03-19 00:00:00+09:00,25400.0,26250.0,25400.0,26050.0,171521.0
2025-03-20 00:00:00+09:00,26600.0,26600.0,25600.0,26050.0,265496.0
2025-03-21 00:00:00+09:00,26250.0,26750.0,26050.0,26650.0,282882.0
2025-03-24 00:00:00+09:00,26600.0,26750.0,26150.0,26400.0,135519.0
2025-03-25 00:00:00+09:00,26300.0,26600.0,25300.0,25550.0,168667.0
2025-03-26 00:00:00+09:00,25800.0,26050.0,25300.0,25950.0,197049.0
2025-03-27 00:00:00+09:00,25450.0,25850.0,25250.0,25750.0,133984.0
2025-03-28 00:00:00+09:00,25900.0,25900.0,24600.0,24650.0,152781.0
2025-03-31 00:00:00+09:00,24150.0,24600.0,24000.0,24200.0,324208.0
2025-04-01 00:00:00+09:00,24250.0,24850.0,24050.0,24600.0,198923.0
2025-04-02 00:00:00+09:00,24950.0,25150.0,24000.0,24200.0,175222.0
2025-04-03 00:00:00+09:00,23350.0,23500.0,22400.0,23400.0,313784.0
2025-04-04 00:00:00+09:00,23350.0,23900.0,22600.0,23050.0,238758.0
2025-04-07 00:00:00+09:00,22000.0,22900.0,22000.0,22400.0,281851.0
2025-04-08 00:00:00+09:00,22950.0,23200.0,21400.0,21550.0,307529.0
2025-04-09 00:00:00+09:00,21200.0,21650.0,20800.0,21050.0,207001.0
2025-04-10 00:00:00+09:00,23150.0,23250.0,22150.0,22500.0,423420.0
2025-04-11 00:00:00+09:00,22000.0,22300.0,20850.0,21750.0,1201802.0
2025-04-14 00:00:00+09:00,22400.0,22600.0,22050.0,22400.0,254727.0
2025-04-15 00:00:00+09:00,22250.0,22950.0,22200.0,22600.0,127493.0
2025-04-16 00:00:00+09:00,22300.0,22450.0,22000.0,22100.0,135059.0
2025-04-17 00:00:00+09:00,22100.0,22600.0,22000.0,22500.0,103318.0
2025-04-18 00:00:00+09:00,22300.0,22500.0,22000.0,22500.0,97572.0
2025-04-21 00:00:00+09:00,22300.0,22950.0,22200.0,22300.0,131746.0
2025-04-22 00:00:00+09:00,22050.0,22300.0,21750.0,21850.0,192986.0
2025-04-23 00:00:00+09:00,22150.0,23000.0,22150.0,22950.0,159139.0
2025-04-24 00:00:00+09:00,23200.0,23200.0,22600.0,23000.0,153245.0
2025-04-25 00:00:00+09:00,23200.0,23500.0,22950.0,23300.0,116408.0
2025-04-28 00:00:00+09:00,23500.0,23500.0,23000.0,23100.0,95575.0
2025-04-29 00:00:00+09:00,23100.0,23300.0,23000.0,23050.0,86089.0
2025-04-30 00:00:00+09:00,22850.0,23200.0,22500.0,22700.0,130028.0
2025-05-02 00:00:00+09:00,22650.0,22950.0,22500.0,22700.0,108620.0
2025-05-07 00:00:00+09:00,22900.0,23350.0,22750.0,22900.0,189365.0
2025-05-08 00:00:00+09:00,23250.0,23400.0,22850.0,23350.0,251646.0
2025-05-09 00:00:00+09:00,23400.0,23450.0,21500.0,21800.0,637806.0
2025-05-12 00:00:00+09:00,22050.0,22500.0,21900.0,22500.0,318124.0
2025-05-13 00:00:00+09:00,22950.0,23100.0,22650.0,22850.0,155824.0
2025-05-14 00:00:00+09:00,23050.0,23400.0,22800.0,23300.0,165876.0
2025-05-15 00:00:00+09:00,23100.0,23400.0,22600.0,22750.0,138093.0
2025-05-16 00:00:00+09:00,22700.0,23100.0,22600.0,23050.0,122634.0
2025-05-19 00:00:00+09:00,22550.0,22700.0,22200.0,22450.0,151618.0
2025-05-20 00:00:00+09:00,22600.0,22700.0,22100.0,22150.0,141910.0
2025-05-21 00:00:00+09:00,22150.0,22350.0,21900.0,22000.0,175589.0
2025-05-22 00:00:00+09:00,21800.0,21850.0,21300.0,21550.0,146929.0
2025-05-23 00:00:00+09:00,21550.0,21600.0,20900.0,20950.0,217076.0
2025-05-26 00:00:00+09:00,21200.0,21850.0,21100.0,21600.0,141508.0
2025-05-27 00:00:00+09:00,21400.0,21650.0,21200.0,21550.0,133097.0
2025-05-28 00:00:00+09:00,21750.0,22100.0,21350.0,22100.0,215612.0
2025-05-29 00:00:00+09:00,22350.0,22700.0,22200.0,22650.0,213638.0
2025-05-30 00:00:00+09:00,22400.0,23200.0,22150.0,22800.0,292771.0
2025-06-02 00:00:00+09:00,22700.0,23300.0,22500.0,22850.0,145554.0
2025-06-04 00:00:00+09:00,23350.0,23750.0,23100.0,23250.0,207538.0
2025-06-05 00:00:00+09:00,23500.0,24300.0,23200.0,23750.0,227905.0
2025-06-09 00:00:00+09:00,24000.0,24300.0,23900.0,24000.0,200016.0
2025-06-10 00:00:00+09:00,24150.0,24300.0,23700.0,24000.0,126527.0
2025-06-11 00:00:00+09:00,24150.0,26750.0,24150.0,26500.0,772615.0
2025-06-12 00:00:00+09:00,26600.0,26850.0,25950.0,25950.0,410980.0
2025-06-13 00:00:00+09:00,26150.0,26300.0,24800.0,25100.0,318916.0
2025-06-16 00:00:00+09:00,25150.0,25350.0,24400.0,25050.0,272068.0
2025-06-17 00:00:00+09:00,25400.0,26800.0,25000.0,25850.0,405257.0
2025-06-18 00:00:00+09:00,25700.0,26200.0,25500.0,25950.0,180263.0
2025-06-19 00:00:00+09:00,26300.0,26300.0,25550.0,25700.0,119571.0
2025-06-20 00:00:00+09:00,25750.0,26200.0,25500.0,26050.0,193727.0
2025-06-23 00:00:00+09:00,25200.0,25950.0,24850.0,25600.0,215228.0
2025-06-24 00:00:00+09:00,26150.0,26650.0,25900.0,26300.0,199990.0
2025-06-25 00:00:00+09:00,27000.0,27400.0,26550.0,27300.0,257871.0
2025-06-26 00:00:00+09:00,27600.0,27800.0,26650.0,26800.0,188032.0
2025-06-27 00:00:00+09:00,27300.0,27550.0,26100.0,26350.0,195218.0
2025-06-30 00:00:00+09:00,26650.0,26800.0,26200.0,26450.0,154276.0
2025-07-01 00:00:00+09:00,26850.0,26900.0,26350.0,26550.0,166056.0
2025-07-02 00:00:00+09:00,26600.0,26850.0,25850.0,26450.0,140765.0
2025-07-03 00:00:00+09:00,26700.0,29200.0,26550.0,28950.0,582168.0
2025-07-04 00:00:00+09:00,29500.0,29500.0,28000.0,28400.0,309829.0
2025-07-07 00:00:00+09:00,28400.0,28550.0,27850.0,28100.0,146769.0
2025-07-08 00:00:00+09:00,27650.0,28350.0,26950.0,27800.0,275322.0
2025-07-09 00:00:00+09:00,27900.0,27950.0,27300.0,27450.0,169458.0
2025-07-10 00:00:00+09:00,27750.0,27950.0,27000.0,27100.0,248936.0
2025-07-11 00:00:00+09:00,27150.0,29050.0,27150.0,28400.0,416173.0
2025-07-14 00:00:00+09:00,28400.0,28450.0,27800.0,28000.0,141353.0
2025-07-15 00:00:00+09:00,27700.0,29300.0,27550.0,29150.0,214524.0
2025-07-16 00:00:00+09:00,29100.0,29900.0,28600.0,29500.0,281084.0
2025-07-17 00:00:00+09:00,29400.0,30350.0,28700.0,30100.0,393528.0
2025-07-18 00:00:00+09:00,30100.0,30400.0,28700.0,29000.0,284384.0
2025-07-21 00:00:00+09:00,28700.0,29500.0,28650.0,29250.0,164069.0
2025-07-22 00:00:00+09:00,29250.0,29350.0,28000.0,28150.0,187442.0
2025-07-23 00:00:00+09:00,27950.0,28150.0,27250.0,28050.0,150472.0
2025-07-24 00:00:00+09:00,28300.0,28350.0,27350.0,27500.0,144104.0
2025-07-25 00:00:00+09:00,27300.0,27650.0,27250.0,27300.0,67260.0
2025-07-28 00:00:00+09:00,28150.0,31750.0,28150.0,31500.0,1326591.0
2025-07-29 00:00:00+09:00,33900.0,33900.0,31950.0,33300.0,1202283.0
2025-07-30 00:00:00+09:00,32900.0,34350.0,32900.0,33100.0,682339.0
2025-07-31 00:00:00+09:00,33500.0,33600.0,32150.0,32750.0,417689.0
2025-08-01 00:00:00+09:00,31550.0,32300.0,30550.0,30650.0,364097.0
2025-08-04 00:00:00+09:00,30750.0,31100.0,30350.0,30700.0,194430.0
2025-08-05 00:00:00+09:00,31150.0,31500.0,30550.0,30650.0,162649.0
2025-08-06 00:00:00+09:00,30250.0,30550.0,30000.0,30500.0,161128.0
2025-08-07 00:00:00+09:00,33250.0,33300.0,30700.0,31700.0,1246386.0
2025-08-08 00:00:00+09:00,32300.0,36600.0,32000.0,35850.0,2431714.0
2025-08-11 00:00:00+09:00,35650.0,38100.0,35600.0,37450.0,979262.0
2025-08-12 00:00:00+09:00,37250.0,39600.0,37250.0,38100.0,984616.0
2025-08-13 00:00:00+09:00,39250.0,43350.0,39100.0,40900.0,1650091.0
2025-08-14 00:00:00+09:00,40050.0,42550.0,39000.0,42550.0,1043406.0
2025-08-18 00:00:00+09:00,41300.0,41550.0,40050.0,40200.0,603077.0
2025-08-19 00:00:00+09:00,41000.0,42750.0,40500.0,42450.0,796562.0
2025-08-20 00:00:00+09:00,41200.0,42100.0,40500.0,41550.0,640128.0
2025-08-21 00:00:00+09:00,42500.0,42750.0,40250.0,41400.0,667766.0
2025-08-22 00:00:00+09:00,41250.0,41850.0,40700.0,40950.0,387093.0
2025-08-25 00:00:00+09:00,41300.0,41600.0,40600.0,41100.0,444421.0
2025-08-26 00:00:00+09:00,40750.0,42350.0,40550.0,41050.0,672368.0
2025-08-27 00:00:00+09:00,40900.0,41500.0,39800.0,41200.0,348622.0
2025-08-28 00:00:00+09:00,40650.0,41550.0,40400.0,40750.0,310044.0
2025-08-29 00:00:00+09:00,40900.0,41550.0,40200.0,40650.0,305086.0
2025-09-01 00:00:00+09:00,39800.0,39800.0,38700.0,39300.0,473992.0
2025-09-02 00:00:00+09:00,39450.0,39500.0,38050.0,38300.0,323863.0
2025-09-03 00:00:00+09:00,37700.0,38450.0,37150.0,38150.0,303070.0
2025-09-04 00:00:00+09:00,39800.0,39850.0,37700.0,38450.0,770656.0
2025-09-05 00:00:00+09:00,39100.0,39950.0,38350.0,38400.0,453644.0
2025-09-08 00:00:00+09:00,38800.0,39850.0,38550.0,39700.0,345883.0
2025-09-09 00:00:00+09:00,40400.0,41900.0,40250.0,41100.0,820260.0
2025-09-10 00:00:00+09:00,41900.0,45450.0,41800.0,44900.0,1748761.0
2025-09-11 00:00:00+09:00,44450.0,44500.0,42850.0,43050.0,1000697.0
2025-09-12 00:00:00+09:00,44100.0,45050.0,43600.0,44350.0,863080.0
2025-09-15 00:00:00+09:00,45200.0,45600.0,44050.0,45000.0,855890.0
2025-09-16 00:00:00+09:00,44900.0,45150.0,44200.0,44550.0,726533.0
2025-09-17 00:00:00+09:00,43600.0,45000.0,43550.0,44600.0,454044.0
2025-09-18 00:00:00+09:00,45150.0,46200.0,44500.0,45200.0,873747.0
2025-09-19 00:00:00+09:00,46400.0,46400.0,44550.0,45600.0,522042.0
2025-09-22 00:00:00+09:00,45500.0,47800.0,45450.0,46800.0,706723.0
2025-09-23 00:00:00+09:00,47500.0,47800.0,45050.0,45750.0,686171.0
2025-09-24 00:00:00+09:00,44400.0,45950.0,43900.0,45900.0,558350.0
2025-09-25 00:00:00+09:00,44550.0,46500.0,44550.0,45450.0,574569.0
2025-09-26 00:00:00+09:00,44750.0,45100.0,43200.0,44300.0,582908.0
2025-09-29 00:00:00+09:00,44450.0,45950.0,43950.0,45650.0,403116.0
2025-09-30 00:00:00+09:00,46400.0,48700.0,45750.0,47000.0,573647.0
2025-10-01 00:00:00+09:00,47500.0,49450.0,47250.0,49200.0,667557.0
2025-10-02 00:00:00+09:00,51700.0,60600.0,50200.0,56700.0,3735017.0
2025-10-10 00:00:00+09:00,57800.0,59000.0,56500.0,57000.0,1831347.0
2025-10-13 00:00:00+09:00,54600.0,57800.0,54100.0,57100.0,856867.0
2025-10-14 00:00:00+09:00,58300.0,58300.0,52100.0,53800.0,1192304.0
2025-10-15 00:00:00+09:00,53700.0,55000.0,53100.0,54700.0,731357.0
2025-10-16 00:00:00+09:00,53600.0,55000.0,53100.0,54800.0,510166.0
2025-10-17 00:00:00+09:00,53800.0,55700.0,53700.0,54000.0,424645.0
2025-10-20 00:00:00+09:00,54800.0,57000.0,54000.0,55400.0,715727.0
2025-10-21 00:00:00+09:00,57900.0,58000.0,54600.0,55700.0,744480.0
2025-10-22 00:00:00+09:00,55600.0,57400.0,54500.0,57400.0,511274.0
2025-10-23 00:00:00+09:00,56000.0,59000.0,55800.0,58500.0,568142.0
2025-10-24 00:00:00+09:00,60500.0,62800.0,58500.0,61500.0,1524159.0
2025-10-27 00:00:00+09:00,62000.0,63700.0,60600.0,62800.0,642155.0
2025-10-28 00:00:00+09:00,61400.0,62000.0,60000.0,60800.0,433195.0
2025-10-29 00:00:00+09:00,61500.0,66400.0,60200.0,65800.0,918257.0
2025-10-30 00:00:00+09:00,64900.0,68800.0,64300.0,65000.0,657713.0
2025-10-31 00:00:00+09:00,64200.0,65400.0,63100.0,64200.0,322203.0
2025-11-03 00:00:00+09:00,63100.0,65400.0,61900.0,65000.0,472710.0
2025-11-04 00:00:00+09:00,66000.0,69900.0,64600.0,68500.0,970289.0
2025-11-05 00:00:00+09:00,66300.0,68700.0,61900.0,67600.0,958639.0
2025-11-06 00:00:00+09:00,69900.0,73100.0,68000.0,71700.0,913492.0
2025-11-07 00:00:00+09:00,69300.0,70000.0,65400.0,66500.0,694925.0
2025-11-10 00:00:00+09:00,67900.0,71200.0,66100.0,69900.0,841856.0
2025-11-11 00:00:00+09:00,72200.0,74600.0,69400.0,70800.0,767340.0
2025-11-12 00:00:00+09:00,70000.0,70400.0,68600.0,70100.0,396829.0
2025-11-13 00:00:00+09:00,68700.0,69700.0,67800.0,69000.0,506592.0
2025-11-14 00:00:00+09:00,66000.0,66800.0,64000.0,65800.0,752518.0
2025-11-17 00:00:00+09:00,69500.0,70000.0,63700.0,66200.0,1094952.0
2025-11-18 00:00:00+09:00,64200.0,64700.0,60700.0,62100.0,946244.0
2025-11-19 00:00:00+09:00,61000.0,61800.0,57700.0,61100.0,730626.0
2025-11-20 00:00:00+09:00,64300.0,64300.0,60000.0,60900.0,621938.0
2025-11-21 00:00:00+09:00,56200.0,57900.0,56100.0,56700.0,569849.0
2025-11-24 00:00:00+09:00,57600.0,60200.0,56800.0,59300.0,552888.0
2025-11-25 00:00:00+09:00,60700.0,61100.0,57500.0,60000.0,526642.0
2025-11-26 00:00:00+09:00,60300.0,61400.0,59000.0,61300.0,304082.0
2025-11-27 00:00:00+09:00,61600.0,61600.0,59700.0,60300.0,314817.0
2025-11-28 00:00:00+09:00,60800.0,61800.0,59800.0,61300.0,291954.0
2025-12-01 00:00:00+09:00,61900.0,62500.0,60700.0,61500.0,307677.0
2025-12-02 00:00:00+09:00,62200.0,62200.0,60500.0,61700.0,283680.0
2025-12-03 00:00:00+09:00,62500.0,62800.0,60200.0,61900.0,328437.0
2025-12-04 00:00:00+09:00,61200.0,61700.0,59500.0,61000.0,389602.0
2025-12-05 00:00:00+09:00,60300.0,61900.0,59700.0,61800.0,249843.0
2025-12-08 00:00:00+09:00,62200.0,62600.0,61000.0,61800.0,231601.0
2025-12-09 00:00:00+09:00,62200.0,62200.0,60900.0,61800.0,204232.0
2025-12-10 00:00:00+09:00,61300.0,64700.0,61200.0,63100.0,489238.0
2025-12-11 00:00:00+09:00,64400.0,64500.0,61200.0,61600.0,472760.0
2025-12-12 00:00:00+09:00,61900.0,62500.0,60200.0,62400.0,389796.0
2025-12-15 00:00:00+09:00,60300.0,61100.0,59200.0,60400.0,273530.0
2025-12-16 00:00:00+09:00,60100.0,61600.0,59600.0,60100.0,339311.0
2025-12-17 00:00:00+09:00,60300.0,63900.0,59600.0,63900.0,558251.0
2025-12-18 00:00:00+09:00,62800.0,63200.0,55400.0,57100.0,1257226.0
2025-12-19 00:00:00+09:00,58600.0,58900.0,56300.0,57600.0,436311.0
2025-12-22 00:00:00+09:00,59300.0,63700.0,59000.0,63000.0,811049.0
2025-12-23 00:00:00+09:00,62400.0,63200.0,61500.0,62800.0,295588.0
2025-12-24 00:00:00+09:00,64700.0,64800.0,62600.0,63100.0,331032.0
2025-12-26 00:00:00+09:00,63600.0,69200.0,62200.0,67900.0,1212955.0
2025-12-29 00:00:00+09:00,69200.0,69400.0,64500.0,64900.0,989936.0
2025-12-30 00:00:00+09:00,65400.0,68800.0,64700.0,67900.0,1049699.0
2026-01-02 00:00:00+09:00,68900.0,81200.0,67800.0,80000.0,2605666.0
2026-01-05 00:00:00+09:00,83000.0,84800.0,78000.0,78800.0,1608043.0
2026-01-06 00:00:00+09:00,79500.0,81800.0,76900.0,80400.0,1013851.0
2026-01-07 00:00:00+09:00,81300.0,81700.0,75600.0,78900.0,988920.0
2026-01-08 00:00:00+09:00,76800.0,79700.0,75400.0,76200.0,867971.0
2026-01-09 00:00:00+09:00,74800.0,76600.0,73000.0,75000.0,743732.0
2026-01-12 00:00:00+09:00,76500.0,76500.0,71800.0,73300.0,566253.0
2026-01-13 00:00:00+09:00,75000.0,77100.0,74400.0,75900.0,664570.0
2026-01-14 00:00:00+09:00,76200.0,78500.0,75200.0,78300.0,502916.0
2026-01-15 00:00:00+09:00,76400.0,78200.0,75500.0,77800.0,558639.0
2026-01-16 00:00:00+09:00,80300.0,80800.0,75400.0,76700.0,830517.0
2026-01-19 00:00:00+09:00,75100.0,77600.0,75100.0,76700.0,377450.0
2026-01-20 00:00:00+09:00,75800.0,76000.0,72900.0,74800.0,504072.0
2026-01-21 00:00:00+09:00,72500.0,77700.0,71900.0,77200.0,861482.0
2026-01-22 00:00:00+09:00,78500.0,78500.0,74800.0,76400.0,517622.0
2026-01-23 00:00:00+09:00,76400.0,77000.0,75000.0,76600.0,421858.0
2026-01-26 00:00:00+09:00,77500.0,86400.0,76200.0,85200.0,1655517.0
2026-01-27 00:00:00+09:00,85000.0,91700.0,84400.0,91400.0,1277804.0
2026-01-28 00:00:00+09:00,93200.0,104800.0,91450.0,104400.0,1507220.0
2026-01-29 00:00:00+09:00,114100.0,115600.0,100100.0,111000.0,2127350.0
2026-01-30 00:00:00+09:00,110000.0,120800.0,108600.0,114400.0,1190188.0
2026-02-02 00:00:00+09:00,107500.0,114000.0,100300.0,101800.0,1289554.0
2026-02-03 00:00:00+09:00,109000.0,117600.0,108000.0,114700.0,930944.0
2026-02-04 00:00:00+09:00,113300.0,116900.0,108000.0,110200.0,714665.0
2026-02-05 00:00:00+09:00,105700.0,109000.0,101900.0,101900.0,866685.0
2026-02-06 00:00:00+09:00,100100.0,110000.0,96200.0,108800.0,663767.0
2026-02-09 00:00:00+09:00,112000.0,118100.0,109900.0,117100.0,488715.0
2026-02-10 00:00:00+09:00,115500.0,116700.0,103300.0,104300.0,650235.0
2026-02-11 00:00:00+09:00,104300.0,106900.0,101200.0,102800.0,338109.0
2026-02-12 00:00:00+09:00,103900.0,133400.0,103500.0,133400.0,608433.0
2026-02-13 00:00:00+09:00,111600.0,114800.0,107500.0,109200.0,1094867.0
2026-02-19 00:00:00+09:00,111000.0,118700.0,108300.0,116900.0,866271.0
2026-02-20 00:00:00+09:00,115500.0,121000.0,112600.0,119300.0,659251.0
2026-02-23 00:00:00+09:00,118200.0,121500.0,112600.0,113900.0,689382.0
2026-02-24 00:00:00+09:00,113500.0,117300.0,112900.0,116500.0,423048.0
2026-02-25 00:00:00+09:00,115400.0,117600.0,112200.0,114800.0,396345.0
2026-02-26 00:00:00+09:00,124300.0,128900.0,117800.0,126500.0,1379639.0
2026-02-27 00:00:00+09:00,122000.0,131100.0,121000.0,125600.0,1088077.0
2026-03-03 00:00:00+09:00,125000.0,143000.0,121800.0,123500.0,1320168.0
2026-03-04 00:00:00+09:00,124500.0,134900.0,107500.0,107500.0,1438624.0
2026-03-05 00:00:00+09:00,121200.0,138500.0,119800.0,132800.0,1447108.0
2026-03-06 00:00:00+09:00,136900.0,141700.0,131300.0,137800.0,1010004.0
2026-03-09 00:00:00+09:00,129500.0,131200.0,121400.0,124300.0,748304.0
2026-03-10 00:00:00+09:00,137800.0,138300.0,124300.0,125900.0,892024.0
2026-03-11 00:00:00+09:00,129100.0,129400.0,119500.0,120000.0,710156.0
2026-03-12 00:00:00+09:00,119000.0,123500.0,117000.0,123500.0,665569.0
2026-03-13 00:00:00+09:00,117500.0,121000.0,115100.0,119000.0,503211.0
2026-03-16 00:00:00+09:00,117900.0,122900.0,116700.0,121100.0,366947.0
2026-03-17 00:00:00+09:00,124900.0,125000.0,118600.0,118600.0,398833.0
2026-03-18 00:00:00+09:00,121500.0,124500.0,119800.0,124500.0,469740.0
2026-03-19 00:00:00+09:00,121000.0,123500.0,119300.0,120900.0,440750.0
2026-03-20 00:00:00+09:00,122900.0,126500.0,121300.0,125000.0,427484.0
2026-03-23 00:00:00+09:00,122200.0,123000.0,115400.0,116200.0,474282.0
2026-03-24 00:00:00+09:00,121800.0,138300.0,121200.0,134700.0,1773155.0
2026-03-25 00:00:00+09:00,135800.0,135900.0,128400.0,130400.0,582062.0
2026-03-26 00:00:00+09:00,128600.0,131600.0,120700.0,121500.0,546909.0
2026-03-27 00:00:00+09:00,119200.0,123200.0,115300.0,121000.0,445191.0
2026-03-30 00:00:00+09:00,115000.0,115600.0,112500.0,113200.0,381134.0
2026-03-31 00:00:00+09:00,111400.0,113800.0,107800.0,108100.0,446431.0
2026-04-01 00:00:00+09:00,116000.0,118700.0,112100.0,117900.0,486514.0
2026-04-02 00:00:00+09:00,118000.0,121000.0,108700.0,109300.0,540738.0
2026-04-03 00:00:00+09:00,113100.0,115000.0,108800.0,113500.0,295515.0
2026-04-06 00:00:00+09:00,113400.0,118300.0,111600.0,112200.0,261371.0
2026-04-07 00:00:00+09:00,118400.0,119800.0,111100.0,114100.0,322259.0
2026-04-08 00:00:00+09:00,122400.0,123000.0,117700.0,121400.0,774227.0
2026-04-09 00:00:00+09:00,119000.0,119500.0,114200.0,118100.0,457672.0
2026-04-10 00:00:00+09:00,122100.0,125400.0,120600.0,122100.0,1008253.0
2026-04-13 00:00:00+09:00,117400.0,123000.0,117200.0,120700.0,290341.0
2026-04-14 00:00:00+09:00,122400.0,124300.0,119500.0,122000.0,441490.0
2026-04-15 00:00:00+09:00,123600.0,126300.0,120800.0,122600.0,685043.0
2026-04-16 00:00:00+09:00,121300.0,121700.0,117900.0,120900.0,493690.0
2026-04-17 00:00:00+09:00,120900.0,121600.0,118700.0,121200.0,284514.0
2026-04-20 00:00:00+09:00,119700.0,123600.0,119600.0,122400.0,428399.0
2026-04-21 00:00:00+09:00,123400.0,124100.0,121000.0,123900.0,428034.0
2026-04-22 00:00:00+09:00,121200.0,121900.0,114400.0,119100.0,806392.0
2026-04-23 00:00:00+09:00,119100.0,119200.0,112000.0,113200.0,803133.0
2026-04-24 00:00:00+09:00,113200.0,116400.0,112000.0,116100.0,424792.0
2026-04-27 00:00:00+09:00,116600.0,122000.0,114700.0,121500.0,719765.0
2026-04-28 00:00:00+09:00,121600.0,122300.0,118000.0,121100.0,469614.0
2026-04-29 00:00:00+09:00,119600.0,120900.0,118200.0,120800.0,401573.0
2026-04-30 00:00:00+09:00,120800.0,123300.0,117000.0,117100.0,495817.0
2026-05-04 00:00:00+09:00,118300.0,122500.0,117500.0,122500.0,728683.0
2026-05-06 00:00:00+09:00,123100.0,129200.0,119500.0,129000.0,1361181.0
2026-05-07 00:00:00+09:00,130600.0,132900.0,124700.0,132900.0,1037901.0
2026-05-08 00:00:00+09:00,131500.0,133100.0,127400.0,132900.0,559519.0
2026-05-11 00:00:00+09:00,144000.0,151500.0,136200.0,141600.0,1177577.0
2026-05-12 00:00:00+09:00,143000.0,148000.0,123700.0,125000.0,1472239.0
2026-05-13 00:00:00+09:00,124500.0,131200.0,120600.0,131200.0,587060.0
2026-05-14 00:00:00+09:00,129100.0,129600.0,121300.0,127400.0,635175.0
2026-05-15 00:00:00+09:00,127800.0,128300.0,113000.0,114700.0,644523.0
2026-05-18 00:00:00+09:00,113700.0,118700.0,108200.0,116100.0,399047.0
2026-05-19 00:00:00+09:00,114900.0,117800.0,110800.0,113000.0,412960.0
2026-05-20 00:00:00+09:00,113100.0,116900.0,107200.0,111900.0,346462.0
2026-05-21 00:00:00+09:00,116500.0,125300.0,116400.0,125300.0,622047.0
2026-05-22 00:00:00+09:00,126800.0,127500.0,121000.0,121700.0,468304.0
2026-05-26 00:00:00+09:00,127300.0,132500.0,120400.0,122000.0,727017.0
2026-05-27 00:00:00+09:00,123700.0,127000.0,110500.0,112300.0,1140358.0
2026-05-28 00:00:00+09:00,111200.0,112300.0,103600.0,108300.0,661212.0
2026-05-29 00:00:00+09:00,108700.0,110900.0,102300.0,106000.0,715947.0
2026-06-01 00:00:00+09:00,104300.0,105900.0,101000.0,102700.0,651855.0
2026-06-02 00:00:00+09:00,100400.0,100700.0,96000.0,97900.0,665868.0
2026-06-04 00:00:00+09:00,112500.0,127200.0,108700.0,127200.0,1192343.0
2026-06-05 00:00:00+09:00,115500.0,138300.0,113000.0,132700.0,3153461.0
2026-06-08 00:00:00+09:00,126000.0,136000.0,104600.0,104900.0,1615054.0
2026-06-09 00:00:00+09:00,112600.0,122200.0,109500.0,119100.0,1504096.0
2026-06-10 00:00:00+09:00,115200.0,133600.0,114100.0,116700.0,1538505.0
2026-06-11 00:00:00+09:00,116700.0,142900.0,116100.0,141000.0,3560123.0
2026-06-12 00:00:00+09:00,163100.0,183300.0,150100.0,183300.0,4035281.0
2026-06-15 00:00:00+09:00,178600.0,179800.0,168900.0,174500.0,1797063.0
2026-06-16 00:00:00+09:00,176300.0,176400.0,154700.0,156100.0,1571107.0
2026-06-17 00:00:00+09:00,159200.0,179900.0,156000.0,161700.0,2517131.0
2026-06-18 00:00:00+09:00,160700.0,170800.0,160000.0,163200.0,1560256.0
2026-06-19 00:00:00+09:00,168000.0,168000.0,148800.0,156000.0,1529659.0
2026-06-22 00:00:00+09:00,150400.0,176100.0,150400.0,172500.0,2030277.0
2026-06-23 00:00:00+09:00,172200.0,173500.0,150100.0,150100.0,1163952.0
2026-06-24 00:00:00+09:00,154100.0,163100.0,143000.0,150600.0,1016708.0
2026-06-25 00:00:00+09:00,159600.0,161200.0,148000.0,154700.0,974435.0
2026-06-26 00:00:00+09:00,157800.0,182600.0,156700.0,163800.0,2934644.0
2026-06-29 00:00:00+09:00,171700.0,174900.0,153000.0,159000.0,1965141.0
2026-06-30 00:00:00+09:00,164400.0,181900.0,164000.0,168100.0,3030011.0
2026-07-01 00:00:00+09:00,168500.0,187800.0,156100.0,165600.0,6025100.0
2026-07-02 00:00:00+09:00,154400.0,155300.0,131200.0,131600.0,2868694.0
2026-07-03 00:00:00+09:00,131900.0,135400.0,121000.0,133100.0,2257595.0
2026-07-06 00:00:00+09:00,131000.0,132400.0,119800.0,124500.0,1528327.0
2026-07-07 00:00:00+09:00,121000.0,128900.0,109000.0,112700.0,1550422.0
2026-07-08 00:00:00+09:00,108400.0,111000.0,101200.0,102700.0,1463822.0
2026-07-09 00:00:00+09:00,104100.0,109950.0,100500.0,104900.0,1401408.0
2026-07-10 00:00:00+09:00,110600.0,128000.0,107900.0,125000.0,2977979.0
2026-07-13 00:00:00+09:00,127000.0,140100.0,121900.0,124800.0,3301018.0
2026-07-14 00:00:00+09:00,124900.0,128900.0,114500.0,127100.0,2323141.0
2026-07-15 00:00:00+09:00,137100.0,144800.0,128200.0,142700.0,2381708.0
2026-07-16 00:00:00+09:00,136600.0,148100.0,128100.0,140700.0,1788115.0
2026-07-20 00:00:00+09:00,134100.0,141600.0,113300.0,115100.0,2139689.0
2026-07-21 00:00:00+09:00,115200.0,118700.0,109000.0,116100.0,1175051.0
2026-07-22 00:00:00+09:00,121800.0,132900.0,111700.0,111700.0,2175357.0
2026-07-23 00:00:00+09:00,114000.0,118300.0,108900.0,113300.0,1202734.0
2026-07-24 00:00:00+09:00,111900.0,112600.0,100100.0,100500.0,1016322.0
2026-07-27 00:00:00+09:00,102500.0,106300.0,98200.0,106000.0,927567.0
2026-07-28 00:00:00+09:00,95200.0,96000.0,88400.0,89500.0,1021792.0
2026-07-29 00:00:00+09:00,90000.0,92200.0,74100.0,83200.0,1862217.0
2026-07-30 00:00:00+09:00,79600.0,86500.0,74900.0,76300.0,1335078.0
2026-07-31 00:00:00+09:00,90200.0,98700.0,88100.0,97600.0,2140366.0
2026-08-03 00:00:00+09:00,93900.0,97500.0,88500.0,93700.0,1354743.0
2026-08-04 00:00:00+09:00,95900.0,100200.0,90100.0,96500.0,1109359.0
2026-08-05 00:00:00+09:00,103300.0,103400.0,95100.0,97700.0,1281260.0
2026-08-06 00:00:00+09:00,96000.0,96900.0,89900.0,92600.0,1037750.0
2026-08-07 00:00:00+09:00,91200.0,98900.0,85700.0,88300.0,1114021.0
2026-08-10 00:00:00+09:00,89400.0,99000.0,88500.0,98400.0,1435170.0
2026-08-11 00:00:00+09:00,96600.0,107600.0,94300.0,104700.0,1477441.0
2026-08-12 00:00:00+09:00,105500.0,114200.0,101500.0,111500.0,1631011.0
2026-08-13 00:00:00+09:00,113600.0,120000.0,113500.0,120000.0,1235339.0
2026-08-14 00:00:00+09:00,123500.0,124500.0,110400.0,116600.0,1261268.0
2026-08-18 00:00:00+09:00,117500.0,122200.0,111700.0,112400.0,1113397.0
2026-08-19 00:00:00+09:00,104300.0,115700.0,103300.0,109300.0,607577.0
2026-08-20 00:00:00+09:00,112200.0,113900.0,108800.0,113900.0,536901.0
2026-08-21 00:00:00+09:00,110900.0,112700.0,105100.0,107900.0,579449.0
2026-08-24 00:00:00+09:00,107600.0,111100.0,104800.0,106400.0,459234.0
2026-08-25 00:00:00+09:00,102900.0,112300.0,100900.0,112300.0,537092.0
2026-08-26 00:00:00+09:00,111300.0,111600.0,106800.0,109300.0,418253.0
2026-08-27 00:00:00+09:00,111700.0,113500.0,108400.0,112700.0,550501.0
2026-08-28 00:00:00+09:00,111700.0,114200.0,109500.0,111100.0,501369.0
2026-08-31 00:00:00+09:00,107200.0,112300.0,104700.0,111500.0,458155.0
2026-09-01 00:00:00+09:00,110400.0,111500.0,108000.0,110000.0,345292.0
2026-09-02 00:00:00+09:00,105700.0,112300.0,105700.0,109700.0,545823.0
2026-09-03 00:00:00+09:00,111000.0,111300.0,103700.0,105000.0,464832.0
2026-09-04 00:00:00+09:00,106000.0,117000.0,105700.0,114800.0,905726.0
2026-09-07 00:00:00+09:00,119700.0,121400.0,117400.0,118300.0,453345.0
